1 0.175391 0.376389 0.016406 0.038889
1 0.089844 0.529167 0.007812 0.036111
1 0.166016 0.663194 0.021094 0.015278
1 0.166797 0.713194 0.024219 0.015278
1 0.168750 0.768750 0.021875 0.020833
1 0.168750 0.814583 0.021875 0.018056
1 0.170312 0.856944 0.018750 0.027778
1 0.387109 0.604167 0.010156 0.036111
1 0.401172 0.598611 0.008594 0.036111
1 0.457422 0.579167 0.011719 0.030556
1 0.283984 0.356944 0.010156 0.038889
1 0.440625 0.332639 0.014062 0.034722
1 0.505078 0.318750 0.010156 0.034722
1 0.600781 0.329861 0.009375 0.029167
1 0.644531 0.336111 0.010937 0.036111
1 0.658984 0.338194 0.010156 0.031944
1 0.751562 0.351389 0.009375 0.027778
1 0.767187 0.355556 0.010937 0.027778
1 0.804688 0.181944 0.009375 0.027778
1 0.935547 0.192361 0.011719 0.037500
1 0.921094 0.575694 0.012500 0.212500
1 0.799609 0.551389 0.005469 0.197222
1 0.718359 0.605556 0.010156 0.033333
1 0.733984 0.609028 0.011719 0.034722
1 0.564453 0.563194 0.010156 0.026389

