1 0.032812 0.622917 0.057813 0.754167
1 0.231641 0.814583 0.042969 0.029167
1 0.235156 0.943750 0.037500 0.026389
1 0.383594 0.802083 0.012500 0.029167
1 0.400000 0.795833 0.015625 0.027778
1 0.751953 0.700000 0.013281 0.027778
1 0.770312 0.702083 0.015625 0.029167
1 0.869531 0.713889 0.014062 0.025000
1 0.891406 0.663889 0.014062 0.025000
1 0.942969 0.662500 0.015625 0.019444
1 0.640625 0.681944 0.029687 0.016667
1 0.639453 0.645139 0.016406 0.018056
1 0.595703 0.636806 0.017969 0.023611
1 0.512891 0.415972 0.013281 0.026389

