1 0.777734 0.880556 0.050781 0.061111
1 0.766406 0.977083 0.042188 0.045833
1 0.890625 0.849306 0.025000 0.037500
1 0.902734 0.776389 0.025781 0.033333
1 0.782422 0.717361 0.025781 0.031944
1 0.778516 0.784722 0.021094 0.036111
1 0.688281 0.742361 0.021875 0.037500
1 0.692969 0.677778 0.025000 0.036111
1 0.044922 0.728472 0.041406 0.026389
1 0.196094 0.682639 0.032812 0.020833
1 0.119141 0.634722 0.044531 0.036111
1 0.087109 0.412500 0.014844 0.033333
1 0.111719 0.409722 0.018750 0.047222
1 0.601562 0.451389 0.010937 0.025000
1 0.632812 0.456944 0.017188 0.027778
1 0.630469 0.515972 0.015625 0.026389
1 0.600781 0.512500 0.021875 0.027778
1 0.596094 0.779167 0.076563 0.044444
1 0.516406 0.727778 0.056250 0.038889
1 0.543359 0.683333 0.019531 0.030556
1 0.569141 0.697917 0.021094 0.023611

