1 0.900000 0.478472 0.045313 0.379167
1 0.939453 0.468056 0.044531 0.394444
1 0.059375 0.901389 0.039062 0.058333
1 0.142578 0.766667 0.021094 0.036111
1 0.178516 0.702778 0.022656 0.030556
1 0.198828 0.664583 0.011719 0.029167
1 0.248828 0.386111 0.014844 0.027778
1 0.285156 0.376389 0.021875 0.033333
1 0.638281 0.379167 0.012500 0.030556
1 0.669141 0.375000 0.019531 0.019444
1 0.792578 0.194444 0.011719 0.027778
1 0.817187 0.181944 0.015625 0.016667
1 0.643359 0.584722 0.024219 0.030556
1 0.605078 0.668056 0.011719 0.019444
1 0.510547 0.678472 0.017969 0.015278
1 0.474219 0.684722 0.018750 0.016667
1 0.157422 0.895833 0.021094 0.036111
1 0.175000 0.863194 0.021875 0.026389
1 0.208594 0.754861 0.014062 0.023611
1 0.214844 0.740278 0.015625 0.038889
1 0.126563 0.343056 0.012500 0.025000
1 0.138672 0.356944 0.010156 0.019444
1 0.159766 0.372917 0.008594 0.020833
1 0.812500 0.315972 0.025000 0.081944

