1 0.443359 0.692361 0.138281 0.062500
1 0.450000 0.456250 0.143750 0.045833
1 0.122266 0.472222 0.032031 0.219444
1 0.101562 0.638889 0.050000 0.030556
1 0.211328 0.616667 0.025781 0.022222
1 0.208984 0.656250 0.027344 0.026389
1 0.298828 0.661111 0.028906 0.019444
1 0.301562 0.704861 0.032812 0.029167
1 0.450391 0.960417 0.055469 0.048611
1 0.698047 0.872917 0.055469 0.045833
1 0.432031 0.252778 0.015625 0.069444
1 0.456250 0.249306 0.018750 0.062500
1 0.289453 0.241667 0.013281 0.041667
1 0.305469 0.240972 0.010937 0.043056
1 0.090625 0.252083 0.009375 0.040278
1 0.101953 0.255556 0.017969 0.033333
1 0.310547 0.379167 0.019531 0.094444

