1 0.190625 0.663889 0.021875 0.030556
1 0.185547 0.747222 0.019531 0.027778
1 0.187109 0.846528 0.016406 0.034722
1 0.341797 0.784028 0.019531 0.034722
1 0.346094 0.697222 0.017188 0.022222
1 0.346484 0.627778 0.011719 0.019444
1 0.607031 0.658333 0.021875 0.019444
1 0.833594 0.819444 0.329688 0.150000
1 0.948828 0.310417 0.035156 0.162500
1 0.829297 0.164583 0.021094 0.037500
1 0.853516 0.163194 0.027344 0.029167
1 0.698047 0.404167 0.016406 0.036111
1 0.197266 0.412500 0.014844 0.027778
1 0.211719 0.419444 0.012500 0.022222

