1 0.126563 0.079861 0.029687 0.029167
1 0.121484 0.190278 0.025781 0.033333
1 0.121094 0.300000 0.026563 0.022222
1 0.368750 0.300694 0.034375 0.034722
1 0.619141 0.290278 0.027344 0.033333
1 0.622656 0.184028 0.029687 0.031944
1 0.882422 0.060417 0.028906 0.023611
1 0.882422 0.175694 0.030469 0.040278
1 0.881641 0.291667 0.032031 0.038889
1 0.877344 0.404167 0.029687 0.027778
1 0.619922 0.409028 0.024219 0.029167
1 0.619531 0.520833 0.026563 0.036111
1 0.878125 0.525000 0.023438 0.027778
1 0.369141 0.404167 0.022656 0.027778
1 0.130078 0.663889 0.033594 0.019444
1 0.367188 0.878472 0.032812 0.026389
1 0.369531 0.665972 0.023438 0.026389
1 0.615234 0.665972 0.027344 0.023611
1 0.872656 0.665972 0.020312 0.026389
1 0.866797 0.772222 0.019531 0.022222
1 0.866406 0.888194 0.021875 0.026389
1 0.615234 0.882639 0.030469 0.023611
1 0.622266 0.782639 0.030469 0.037500
1 0.131250 0.987500 0.032812 0.025000
1 0.369531 0.079861 0.023438 0.034722

