1 0.677344 0.613889 0.025000 0.213889
1 0.682813 0.372222 0.023438 0.205556
1 0.691406 0.172917 0.009375 0.026389
1 0.708203 0.172917 0.011719 0.026389
1 0.508594 0.242361 0.018750 0.026389
1 0.486328 0.243056 0.019531 0.027778
1 0.561328 0.631250 0.035156 0.045833
1 0.555078 0.704167 0.033594 0.030556
1 0.210938 0.731250 0.010937 0.026389
1 0.188672 0.736806 0.019531 0.031944
1 0.171875 0.131944 0.014062 0.027778
1 0.191016 0.123611 0.016406 0.022222
1 0.389062 0.315972 0.017188 0.026389
1 0.618359 0.746528 0.011719 0.029167

