1 0.463281 0.557639 0.023438 0.020833
1 0.570312 0.552778 0.028125 0.027778
1 0.571094 0.602083 0.021875 0.023611
1 0.575391 0.673611 0.028906 0.025000
1 0.572266 0.723611 0.017969 0.030556
1 0.572266 0.775694 0.014844 0.031944
1 0.573047 0.822222 0.017969 0.019444
1 0.471875 0.847917 0.021875 0.031944
1 0.467969 0.793750 0.018750 0.026389
1 0.471094 0.745139 0.017188 0.031944
1 0.467187 0.687500 0.020312 0.033333
1 0.467187 0.622222 0.017188 0.030556
1 0.633594 0.543750 0.020312 0.034722
1 0.728906 0.529861 0.014062 0.034722
1 0.637109 0.595139 0.013281 0.029167
1 0.724609 0.579861 0.021094 0.020833
1 0.724609 0.650000 0.021094 0.027778
1 0.725000 0.702778 0.017188 0.025000
1 0.723047 0.745139 0.016406 0.031944
1 0.726172 0.799306 0.017969 0.018056
1 0.634375 0.815972 0.017188 0.029167
1 0.635547 0.765972 0.013281 0.026389
1 0.633984 0.720833 0.011719 0.027778
1 0.637891 0.663889 0.013281 0.025000

