1 0.127344 0.180556 0.029687 0.025000
1 0.269922 0.177778 0.025781 0.025000
1 0.273438 0.265972 0.028125 0.020833
1 0.133984 0.261806 0.024219 0.026389
1 0.136719 0.354167 0.031250 0.022222
1 0.274219 0.355556 0.031250 0.022222
1 0.130859 0.504861 0.024219 0.023611
1 0.266406 0.512500 0.021875 0.022222
1 0.406641 0.513889 0.028906 0.025000
1 0.553125 0.518056 0.025000 0.022222
1 0.703906 0.525000 0.026563 0.027778
1 0.700391 0.604861 0.027344 0.023611
1 0.697266 0.686111 0.027344 0.025000
1 0.694922 0.769444 0.024219 0.025000
1 0.550781 0.598611 0.026563 0.027778
1 0.547656 0.677778 0.025000 0.030556
1 0.550781 0.759722 0.026563 0.027778
1 0.133594 0.582639 0.029687 0.020833
1 0.270312 0.590278 0.037500 0.030556
1 0.407031 0.597222 0.031250 0.022222
1 0.405859 0.674306 0.024219 0.029167
1 0.407031 0.749306 0.025000 0.023611
1 0.267969 0.665972 0.021875 0.029167
1 0.271875 0.744444 0.026563 0.030556
1 0.137109 0.658333 0.025781 0.030556
1 0.141406 0.734722 0.031250 0.022222
1 0.233203 0.440972 0.075781 0.020833
1 0.593359 0.453472 0.078906 0.023611

