1 0.701172 0.388194 0.019531 0.134722
1 0.704687 0.530556 0.018750 0.147222
1 0.600391 0.578472 0.019531 0.034722
1 0.600781 0.628472 0.020312 0.031944
1 0.602344 0.695139 0.025000 0.029167
1 0.605078 0.765278 0.019531 0.036111
1 0.412891 0.600000 0.014844 0.027778
1 0.395312 0.595139 0.015625 0.029167
1 0.321094 0.331944 0.020312 0.025000
1 0.419141 0.175694 0.017969 0.026389
1 0.435547 0.177083 0.014844 0.029167
1 0.551953 0.334028 0.014844 0.026389
1 0.810156 0.161806 0.020312 0.034722
1 0.832422 0.155556 0.014844 0.036111

