1 0.177734 0.245139 0.030469 0.118056
1 0.180078 0.359722 0.030469 0.102778
1 0.736719 0.381250 0.132812 0.045833
1 0.137109 0.718056 0.017969 0.033333
1 0.161719 0.718750 0.015625 0.026389
1 0.503125 0.720139 0.015625 0.026389
1 0.522266 0.716667 0.016406 0.030556
1 0.620313 0.720833 0.017188 0.025000
1 0.643750 0.714583 0.015625 0.034722
1 0.770312 0.652778 0.014062 0.033333
1 0.800781 0.654167 0.017188 0.036111
0 0.989844 0.800694 0.020312 0.345833
0 0.041016 0.813889 0.069531 0.358333
1 0.611719 0.887500 0.042188 0.025000
1 0.382422 0.858333 0.027344 0.016667
1 0.332422 0.851389 0.021094 0.011111

