1 0.748438 0.304861 0.032812 0.354167
1 0.725000 0.299306 0.037500 0.348611
1 0.752734 0.547917 0.232031 0.062500
1 0.750000 0.664583 0.231250 0.081944
1 0.465625 0.639583 0.139062 0.048611
1 0.463281 0.509722 0.153125 0.044444
1 0.144531 0.588889 0.187500 0.052778
1 0.582031 0.526389 0.025000 0.025000
1 0.551953 0.577083 0.019531 0.040278
1 0.363672 0.509028 0.024219 0.023611
1 0.273438 0.181250 0.014062 0.031944
1 0.261719 0.182639 0.015625 0.026389
1 0.261328 0.149306 0.011719 0.031944
1 0.271875 0.153472 0.015625 0.020833
1 0.910937 0.087500 0.015625 0.038889
1 0.908203 0.045139 0.019531 0.029167
1 0.757422 0.068056 0.019531 0.036111
1 0.740234 0.070833 0.021094 0.027778

