1 0.821484 0.573611 0.050781 0.375000
1 0.802344 0.563889 0.043750 0.366667
1 0.432031 0.412500 0.015625 0.058333
1 0.451172 0.414583 0.014844 0.045833
1 0.208203 0.414583 0.017969 0.043056
1 0.180859 0.568750 0.038281 0.020833
1 0.692969 0.704167 0.059375 0.055556
1 0.689062 0.787500 0.053125 0.061111
1 0.562109 0.418056 0.013281 0.036111
1 0.550391 0.415278 0.011719 0.033333
1 0.513672 0.416667 0.014844 0.041667
1 0.664844 0.637500 0.032812 0.027778
1 0.711719 0.666667 0.026563 0.030556
1 0.417578 0.570139 0.014844 0.040278

