1 0.624609 0.599306 0.039844 0.026389
1 0.712500 0.565278 0.025000 0.027778
1 0.671484 0.520833 0.014844 0.036111
1 0.685547 0.518056 0.011719 0.027778
1 0.773828 0.692361 0.039844 0.037500
1 0.803516 0.723611 0.010156 0.027778
1 0.815234 0.716667 0.017969 0.036111
1 0.846094 0.645139 0.021875 0.037500
1 0.928906 0.648611 0.020312 0.030556
1 0.931250 0.602083 0.015625 0.029167
1 0.932813 0.565278 0.015625 0.027778
1 0.940625 0.529167 0.015625 0.025000
1 0.887500 0.593750 0.017188 0.026389
1 0.551172 0.742361 0.047656 0.037500
1 0.547656 0.802778 0.042188 0.030556
1 0.549219 0.870833 0.031250 0.044444
1 0.546875 0.961806 0.046875 0.029167
1 0.353906 0.929861 0.021875 0.043056
1 0.318359 0.947917 0.030469 0.043056

