1 0.483203 0.557639 0.024219 0.159722
1 0.484766 0.377778 0.017969 0.175000
1 0.800000 0.275694 0.020312 0.037500
1 0.814844 0.274306 0.017188 0.037500
1 0.795703 0.559722 0.021094 0.030556
1 0.816797 0.560417 0.014844 0.037500
1 0.425391 0.597917 0.021094 0.020833
1 0.859766 0.734722 0.028906 0.041667
1 0.985547 0.884722 0.028906 0.052778
1 0.779688 0.659028 0.026563 0.043056
1 0.792578 0.813889 0.019531 0.030556
1 0.791406 0.918056 0.014062 0.047222
1 0.798047 0.738194 0.016406 0.029167
1 0.845312 0.835417 0.009375 0.034722
1 0.854297 0.850000 0.017969 0.036111
1 0.157813 0.845833 0.160938 0.138889
1 0.049219 0.201389 0.021875 0.061111

