1 0.803125 0.475000 0.026563 0.108333
1 0.855859 0.472222 0.028906 0.119444
1 0.931641 0.661111 0.024219 0.144444
1 0.862500 0.634722 0.018750 0.116667
1 0.847266 0.629167 0.021094 0.108333
1 0.802344 0.615278 0.017188 0.088889
1 0.535937 0.615278 0.126563 0.013889
1 0.535937 0.574306 0.126563 0.023611
1 0.687109 0.540972 0.127344 0.023611
1 0.672266 0.578472 0.096094 0.018056
1 0.644141 0.614583 0.039844 0.020833
1 0.536719 0.540278 0.125000 0.016667
1 0.386719 0.540972 0.125000 0.018056
1 0.386328 0.576389 0.125781 0.011111
1 0.385156 0.612500 0.121875 0.016667
1 0.092578 0.648611 0.016406 0.138889
1 0.109375 0.642361 0.014062 0.134722
1 0.186328 0.614583 0.013281 0.109722
1 0.195312 0.617361 0.009375 0.118056
1 0.245312 0.558333 0.045313 0.027778
1 0.244141 0.604861 0.044531 0.018056
1 0.244922 0.650000 0.046094 0.027778
1 0.244922 0.697222 0.047656 0.033333
1 0.286328 0.581250 0.013281 0.079167
1 0.300781 0.575694 0.014062 0.073611
1 0.882422 0.217361 0.053906 0.056944
1 0.960547 0.159722 0.066406 0.052778

