1 0.416797 0.650694 0.064844 0.040278
1 0.419531 0.730556 0.065625 0.041667
1 0.422656 0.894444 0.059375 0.041667
1 0.663672 0.936806 0.063281 0.037500
1 0.664453 0.761806 0.063281 0.051389
1 0.747266 0.684722 0.072656 0.038889
1 0.836328 0.729861 0.025781 0.104167
1 0.595703 0.665278 0.053906 0.047222
1 0.964844 0.315972 0.021875 0.098611
1 0.849609 0.315972 0.016406 0.084722
1 0.702734 0.318750 0.027344 0.087500
1 0.670313 0.316667 0.015625 0.080556
1 0.460547 0.311806 0.017969 0.090278
1 0.430859 0.313194 0.025781 0.087500
1 0.237500 0.044444 0.021875 0.069444
1 0.205469 0.044444 0.020312 0.061111
1 0.182031 0.671528 0.225000 0.056944

