1 0.048828 0.472917 0.052344 0.259722
1 0.057422 0.749306 0.046094 0.262500
1 0.421484 0.363194 0.017969 0.031944
1 0.453516 0.360417 0.024219 0.037500
1 0.298438 0.356944 0.020312 0.025000
1 0.062500 0.231944 0.029687 0.038889
1 0.087109 0.249306 0.024219 0.020833
1 0.421484 0.126389 0.013281 0.019444
1 0.453906 0.124306 0.012500 0.034722
1 0.294141 0.122222 0.017969 0.030556
1 0.639844 0.127083 0.018750 0.023611
1 0.665234 0.120833 0.016406 0.022222
1 0.638281 0.356250 0.014062 0.023611
1 0.662500 0.357639 0.020312 0.037500
1 0.779297 0.274306 0.011719 0.023611
1 0.798437 0.264583 0.018750 0.031944
1 0.629687 0.711806 0.085938 0.023611
1 0.623438 0.913889 0.090625 0.041667
1 0.762500 0.699306 0.168750 0.023611
1 0.758203 0.913889 0.164844 0.025000

