1 0.257422 0.679861 0.027344 0.029167
1 0.402734 0.700000 0.028906 0.025000
1 0.553516 0.675694 0.032031 0.029167
1 0.676562 0.659722 0.032812 0.019444
1 0.542969 0.722917 0.029687 0.023611
1 0.669141 0.725694 0.024219 0.023611
1 0.544922 0.789583 0.024219 0.020833
1 0.818750 0.706250 0.015625 0.023611
1 0.916797 0.718056 0.016406 0.022222
1 0.918750 0.660417 0.012500 0.031944
1 0.096875 0.825694 0.021875 0.045833
1 0.113281 0.785417 0.012500 0.029167
1 0.098047 0.913194 0.024219 0.031944
1 0.115625 0.863889 0.014062 0.022222
1 0.103125 0.990972 0.025000 0.018056
1 0.120312 0.940972 0.023438 0.023611
1 0.101562 0.709722 0.017188 0.036111
1 0.133984 0.674306 0.013281 0.020833
1 0.150000 0.656250 0.015625 0.029167
1 0.178125 0.629861 0.012500 0.037500
1 0.362500 0.788889 0.018750 0.013889
1 0.447656 0.784722 0.025000 0.022222
1 0.362891 0.853472 0.025781 0.020833
1 0.440234 0.843750 0.027344 0.020833

