1 0.442187 0.470139 0.028125 0.023611
1 0.578906 0.502778 0.031250 0.027778
1 0.507031 0.484028 0.028125 0.029167
1 0.572656 0.585417 0.028125 0.029167
1 0.572656 0.655556 0.026563 0.030556
1 0.646875 0.695833 0.025000 0.025000
1 0.649219 0.776389 0.026563 0.044444
1 0.645312 0.836111 0.026563 0.027778
1 0.639844 0.914583 0.028125 0.029167
1 0.641016 0.991667 0.027344 0.016667
1 0.569141 0.943750 0.021094 0.023611
1 0.568750 0.874306 0.025000 0.031944
1 0.569531 0.800000 0.031250 0.030556
1 0.567187 0.727778 0.028125 0.027778
1 0.501172 0.887500 0.019531 0.030556
1 0.499609 0.827083 0.025781 0.023611
1 0.500000 0.762500 0.018750 0.033333
1 0.498828 0.697222 0.017969 0.033333
1 0.499219 0.631944 0.023438 0.036111
1 0.501172 0.555556 0.019531 0.030556
1 0.443359 0.538889 0.024219 0.025000
1 0.442578 0.602083 0.024219 0.031944
1 0.443359 0.667361 0.024219 0.026389
1 0.441797 0.731250 0.016406 0.031944
1 0.440625 0.793750 0.018750 0.037500
1 0.442187 0.858333 0.023438 0.025000

