1 0.371094 0.790278 0.018750 0.147222
1 0.385547 0.779167 0.016406 0.141667
1 0.150000 0.836111 0.104687 0.077778
1 0.507422 0.704861 0.013281 0.109722
1 0.516016 0.697917 0.013281 0.106944
1 0.569141 0.627778 0.032031 0.030556
1 0.657812 0.590278 0.018750 0.025000
1 0.617969 0.604861 0.015625 0.018056
1 0.660547 0.636111 0.016406 0.025000
1 0.657812 0.688194 0.020312 0.037500
1 0.659375 0.742361 0.020312 0.029167
1 0.621875 0.664583 0.018750 0.026389
1 0.622656 0.720139 0.023438 0.023611
1 0.618359 0.775000 0.019531 0.027778
1 0.569141 0.830556 0.030469 0.030556
1 0.574609 0.759722 0.028906 0.027778
1 0.568750 0.691667 0.025000 0.030556
1 0.135156 0.306250 0.029687 0.162500
1 0.309375 0.345139 0.020312 0.115278
1 0.329297 0.343750 0.016406 0.104167
1 0.475781 0.375694 0.012500 0.090278
1 0.489062 0.375000 0.015625 0.097222
1 0.680078 0.627083 0.013281 0.065278
1 0.678125 0.320139 0.020312 0.065278

