1 0.174219 0.613889 0.112500 0.772222
1 0.453125 0.442361 0.056250 0.023611
1 0.455859 0.483333 0.041406 0.025000
1 0.524219 0.451389 0.018750 0.047222
1 0.591016 0.475000 0.008594 0.052778
1 0.596484 0.479861 0.010156 0.043056
1 0.870703 0.614583 0.052344 0.040278
1 0.864844 0.699306 0.056250 0.034722
1 0.857422 0.783333 0.057031 0.033333
1 0.183203 0.194444 0.027344 0.080556
1 0.057031 0.080556 0.046875 0.111111
1 0.200391 0.412500 0.027344 0.041667
1 0.192578 0.304861 0.024219 0.026389
1 0.202734 0.450000 0.019531 0.033333
1 0.205078 0.479167 0.021094 0.036111
1 0.240625 0.400694 0.017188 0.059722
1 0.221875 0.658333 0.015625 0.036111
0 0.294922 0.372222 0.119531 0.372222

