1 0.965625 0.598611 0.029687 0.333333
1 0.991406 0.611806 0.017188 0.309722
1 0.774219 0.634028 0.015625 0.023611
1 0.536719 0.569444 0.014062 0.025000
1 0.539844 0.613194 0.015625 0.026389
1 0.485547 0.556250 0.016406 0.018056
1 0.488281 0.595833 0.014062 0.033333
1 0.414844 0.543750 0.010937 0.018056
1 0.240625 0.720139 0.015625 0.029167
1 0.548828 0.394444 0.033594 0.016667
1 0.512500 0.395139 0.028125 0.018056
1 0.650000 0.296528 0.048437 0.015278
1 0.703516 0.287500 0.052344 0.022222
1 0.792188 0.282639 0.059375 0.023611
1 0.841016 0.274306 0.035156 0.026389
1 0.971875 0.222222 0.056250 0.025000
1 0.118750 0.368056 0.059375 0.025000
1 0.313672 0.402778 0.032031 0.022222
1 0.778125 0.554167 0.051562 0.027778

