1 0.677734 0.487500 0.027344 0.269444
1 0.678906 0.228472 0.021875 0.184722
1 0.546875 0.231944 0.017188 0.044444
1 0.534766 0.234722 0.011719 0.036111
1 0.439063 0.322222 0.010937 0.030556
1 0.426172 0.331944 0.010156 0.030556
1 0.455469 0.630556 0.021875 0.055556
1 0.468359 0.624306 0.017969 0.056944
1 0.401563 0.601389 0.023438 0.013889
1 0.401563 0.650694 0.023438 0.018056
1 0.401953 0.720139 0.032031 0.023611
1 0.402344 0.551389 0.018750 0.022222
1 0.374219 0.601389 0.012500 0.047222
1 0.371484 0.537500 0.021094 0.013889
1 0.316016 0.534028 0.030469 0.015278
1 0.293750 0.588194 0.014062 0.037500
1 0.064062 0.295139 0.012500 0.045833
1 0.163672 0.219444 0.010156 0.052778
1 0.187500 0.223611 0.017188 0.044444
1 0.273828 0.330556 0.013281 0.027778
1 0.067969 0.602083 0.017188 0.043056
1 0.040625 0.542361 0.035937 0.018056

