1 0.059375 0.197917 0.028125 0.020833
1 0.059375 0.320833 0.014062 0.033333
1 0.062891 0.435417 0.021094 0.029167
1 0.178125 0.438194 0.021875 0.023611
1 0.178906 0.493750 0.012500 0.018056
1 0.320703 0.434722 0.017969 0.013889
1 0.321094 0.316667 0.020312 0.027778
1 0.322656 0.200694 0.017188 0.029167
1 0.320312 0.086806 0.020312 0.015278
1 0.466406 0.376389 0.018750 0.022222
1 0.464844 0.431944 0.020312 0.027778
1 0.463672 0.493750 0.017969 0.020833
1 0.583594 0.381944 0.014062 0.016667
1 0.580469 0.440278 0.017188 0.022222
1 0.582422 0.496528 0.025781 0.029167
1 0.699219 0.439583 0.026563 0.020833
1 0.703906 0.501389 0.020312 0.019444
1 0.789453 0.320833 0.019531 0.016667
1 0.808594 0.265972 0.015625 0.018056
1 0.811328 0.212500 0.016406 0.022222
1 0.891016 0.379167 0.017969 0.030556
1 0.887891 0.440972 0.017969 0.020833
1 0.981250 0.383333 0.014062 0.025000
1 0.981250 0.444444 0.018750 0.033333
1 0.983594 0.498611 0.015625 0.022222

