1 0.150000 0.274306 0.015625 0.090278
1 0.145703 0.168056 0.016406 0.111111
1 0.240234 0.084722 0.013281 0.027778
1 0.251563 0.086806 0.010937 0.023611
1 0.142578 0.681944 0.021094 0.119444
1 0.147266 0.781944 0.022656 0.097222
1 0.192188 0.675000 0.015625 0.030556
1 0.295312 0.674306 0.010937 0.023611
1 0.238672 0.619444 0.013281 0.025000
1 0.252344 0.623611 0.012500 0.016667
1 0.184766 0.802083 0.017969 0.015278
1 0.182812 0.834722 0.023438 0.019444
1 0.184766 0.870139 0.019531 0.023611
1 0.187109 0.902778 0.019531 0.022222
1 0.477344 0.838889 0.021875 0.033333
1 0.945312 0.823611 0.020312 0.022222
1 0.876953 0.663194 0.021094 0.015278
1 0.872266 0.820833 0.022656 0.019444
1 0.737891 0.820833 0.014844 0.022222
1 0.775391 0.800694 0.025781 0.023611
1 0.687109 0.790972 0.025781 0.020833
1 0.721094 0.821528 0.010937 0.020833
1 0.605078 0.801389 0.010156 0.022222
1 0.592188 0.799306 0.015625 0.018056

