1 0.756641 0.772917 0.053906 0.048611
1 0.494141 0.297917 0.025781 0.062500
1 0.450000 0.295833 0.018750 0.047222
1 0.438281 0.295833 0.014062 0.047222
1 0.672656 0.654167 0.057813 0.047222
1 0.635938 0.704861 0.017188 0.068056
1 0.294922 0.557639 0.021094 0.056944
1 0.312109 0.552083 0.016406 0.054167
1 0.354297 0.484722 0.039844 0.027778
1 0.421094 0.490278 0.025000 0.030556
1 0.432813 0.548611 0.015625 0.038889
1 0.260156 0.512500 0.046875 0.027778
1 0.087500 0.291667 0.028125 0.094444
1 0.571875 0.605556 0.101562 0.075000

