1 0.069141 0.723611 0.030469 0.233333
1 0.071875 0.459028 0.023438 0.204167
1 0.186719 0.322917 0.015625 0.026389
1 0.197266 0.323611 0.016406 0.030556
1 0.296484 0.543056 0.016406 0.044444
1 0.314453 0.550694 0.019531 0.031944
1 0.490234 0.383333 0.017969 0.033333
1 0.514844 0.381250 0.026563 0.037500
1 0.817969 0.316667 0.025000 0.047222
1 0.862891 0.313194 0.027344 0.048611
1 0.157813 0.837500 0.018750 0.038889
1 0.213672 0.894444 0.024219 0.038889
1 0.189453 0.931250 0.013281 0.034722
1 0.180469 0.915972 0.012500 0.031944

