1 0.389844 0.461111 0.026563 0.177778
1 0.253125 0.679861 0.020312 0.104167
1 0.244141 0.331944 0.017969 0.047222
1 0.223047 0.332639 0.013281 0.045833
1 0.065234 0.333333 0.013281 0.058333
1 0.048437 0.341667 0.018750 0.058333
1 0.018750 0.935417 0.018750 0.087500
1 0.022656 0.911806 0.018750 0.068056
1 0.032031 0.759028 0.014062 0.068056
1 0.036328 0.753472 0.017969 0.068056
1 0.039844 0.704167 0.020312 0.069444
1 0.100391 0.599306 0.032031 0.020833
1 0.035937 0.625000 0.014062 0.016667
1 0.029297 0.663194 0.019531 0.029167
1 0.023438 0.714583 0.021875 0.026389
1 0.136719 0.647917 0.010937 0.048611
1 0.154297 0.638889 0.010156 0.047222
1 0.195703 0.590972 0.032031 0.012500

