1 0.140625 0.512500 0.043750 0.338889
1 0.166406 0.502083 0.046875 0.331944
1 0.766797 0.225000 0.019531 0.108333
1 0.696094 0.493056 0.075000 0.036111
1 0.732422 0.124306 0.010156 0.043056
1 0.747656 0.126389 0.015625 0.044444
1 0.048047 0.100694 0.019531 0.079167
1 0.071094 0.097917 0.018750 0.073611
1 0.343359 0.150694 0.016406 0.065278
1 0.357812 0.153472 0.017188 0.054167
1 0.460938 0.235417 0.018750 0.062500
1 0.476562 0.236806 0.012500 0.065278
1 0.521094 0.243056 0.018750 0.055556
1 0.664844 0.239583 0.012500 0.068056
1 0.823828 0.243750 0.014844 0.059722

