1 0.173047 0.351389 0.074219 0.030556
1 0.182031 0.495139 0.078125 0.043056
1 0.191797 0.631944 0.075781 0.036111
1 0.198828 0.769444 0.069531 0.036111
1 0.717969 0.345833 0.062500 0.041667
1 0.810156 0.634028 0.020312 0.087500
1 0.936719 0.468056 0.043750 0.027778
1 0.932813 0.525000 0.051562 0.027778
1 0.929297 0.572222 0.050781 0.030556
1 0.927344 0.623611 0.050000 0.038889
1 0.924219 0.683333 0.051562 0.036111
1 0.921484 0.740278 0.047656 0.038889
1 0.464844 0.615278 0.067188 0.058333
1 0.473437 0.833333 0.046875 0.052778

