1 0.285547 0.449306 0.052344 0.531944
1 0.316406 0.456250 0.037500 0.551389
1 0.286719 0.868750 0.182812 0.106944
1 0.533594 0.934722 0.106250 0.088889
1 0.630078 0.848611 0.025781 0.036111
1 0.630469 0.715972 0.025000 0.037500
1 0.631250 0.613889 0.029687 0.036111
1 0.557031 0.258333 0.014062 0.033333
1 0.568359 0.257639 0.014844 0.037500
1 0.738672 0.286806 0.010156 0.034722
1 0.745313 0.286806 0.014062 0.034722
1 0.721484 0.595833 0.013281 0.036111
1 0.730078 0.594444 0.016406 0.036111
1 0.488281 0.165972 0.015625 0.145833
1 0.814844 0.561806 0.017188 0.026389

