1 0.799609 0.603472 0.061719 0.034722
1 0.799609 0.202778 0.063281 0.027778
1 0.516406 0.591667 0.053125 0.030556
1 0.568750 0.229167 0.048437 0.036111
1 0.397656 0.250694 0.042188 0.026389
1 0.792578 0.979167 0.066406 0.041667
1 0.569922 0.905556 0.049219 0.041667
1 0.403125 0.829167 0.040625 0.036111
1 0.395703 0.543056 0.038281 0.038889
1 0.229687 0.281944 0.031250 0.022222
1 0.235156 0.519444 0.035937 0.030556
1 0.238281 0.757639 0.037500 0.043056
1 0.247656 0.984028 0.031250 0.031944
1 0.153906 0.927083 0.034375 0.037500
1 0.147266 0.722222 0.030469 0.033333
1 0.078125 0.690972 0.026563 0.037500
1 0.086719 0.874306 0.026563 0.037500
1 0.026563 0.835417 0.025000 0.037500
1 0.021094 0.666667 0.023438 0.041667
1 0.076172 0.497917 0.025781 0.037500
1 0.017188 0.486111 0.020312 0.033333
1 0.141016 0.512500 0.038281 0.036111
1 0.134766 0.295833 0.025781 0.025000
1 0.066797 0.300694 0.025781 0.031944
1 0.065234 0.102083 0.024219 0.031944
1 0.010156 0.133333 0.020312 0.016667
1 0.012109 0.309722 0.024219 0.022222

