1 0.752734 0.562500 0.019531 0.055556
1 0.680078 0.693056 0.036719 0.030556
1 0.273047 0.708333 0.038281 0.038889
1 0.279297 0.831250 0.033594 0.048611
1 0.283984 0.959722 0.024219 0.052778
1 0.374219 0.858333 0.026563 0.044444
1 0.371484 0.747917 0.028906 0.048611
1 0.369141 0.652778 0.025781 0.041667
1 0.516797 0.473611 0.021094 0.055556
1 0.185156 0.255556 0.021875 0.083333
1 0.203516 0.255556 0.027344 0.077778
1 0.484766 0.576389 0.014844 0.027778
1 0.483594 0.637500 0.017188 0.033333
1 0.485938 0.694444 0.018750 0.044444
1 0.485547 0.754861 0.019531 0.034722
1 0.890625 0.492361 0.035937 0.276389
1 0.437891 0.653472 0.058594 0.059722
1 0.951172 0.137500 0.014844 0.083333

