1 0.944922 0.314583 0.021094 0.084722
1 0.946484 0.203472 0.019531 0.076389
1 0.930078 0.206944 0.013281 0.083333
1 0.927734 0.318056 0.016406 0.083333
1 0.014062 0.465278 0.028125 0.238889
1 0.026953 0.459028 0.041406 0.231944
1 0.289453 0.314583 0.021094 0.076389
1 0.192578 0.563889 0.046094 0.030556
1 0.275391 0.564583 0.058594 0.034722
1 0.534375 0.238889 0.015625 0.075000
1 0.457422 0.317361 0.014844 0.056944
1 0.622656 0.237500 0.018750 0.072222
1 0.637500 0.234028 0.014062 0.076389
1 0.735547 0.317361 0.019531 0.076389

