1 0.141797 0.343056 0.066406 0.375000
1 0.154687 0.745139 0.060938 0.370833
1 0.255859 0.326389 0.030469 0.058333
1 0.282031 0.845833 0.020312 0.038889
1 0.355469 0.887500 0.021875 0.033333
1 0.481250 0.795139 0.020312 0.043056
1 0.512500 0.770139 0.017188 0.037500
1 0.594531 0.711111 0.020312 0.036111
1 0.622266 0.641667 0.017969 0.027778
1 0.707422 0.346528 0.058594 0.037500
1 0.700000 0.547222 0.062500 0.041667
1 0.436719 0.170833 0.018750 0.036111
1 0.406641 0.159722 0.021094 0.044444
1 0.530859 0.343056 0.014844 0.030556
1 0.700000 0.234722 0.020312 0.036111

