1 0.959766 0.794444 0.063281 0.066667
1 0.950781 0.906250 0.023438 0.120833
1 0.974609 0.918056 0.032031 0.105556
1 0.791797 0.695139 0.038281 0.048611
1 0.788672 0.646528 0.039844 0.043056
1 0.695703 0.617361 0.017969 0.056944
1 0.683203 0.608333 0.016406 0.058333
1 0.675781 0.341667 0.017188 0.052778
1 0.640625 0.342361 0.015625 0.043056
1 0.608984 0.501389 0.016406 0.047222
1 0.540234 0.343056 0.010156 0.041667
1 0.530078 0.342361 0.013281 0.040278
1 0.522266 0.484722 0.033594 0.022222
1 0.493359 0.520139 0.014844 0.037500
1 0.429688 0.256250 0.007812 0.034722
1 0.422266 0.255556 0.010156 0.036111
1 0.319531 0.339583 0.010937 0.037500
1 0.310547 0.341667 0.014844 0.044444
1 0.170312 0.229167 0.009375 0.038889
1 0.158594 0.229861 0.014062 0.043056
1 0.160938 0.376389 0.017188 0.144444
1 0.141797 0.379167 0.022656 0.144444
1 0.303516 0.485417 0.033594 0.023611

