1 0.283984 0.336111 0.022656 0.038889
1 0.400781 0.198611 0.025000 0.038889
1 0.462891 0.202778 0.033594 0.033333
1 0.571875 0.269444 0.017188 0.030556
1 0.650391 0.263889 0.016406 0.036111
1 0.691016 0.255556 0.019531 0.033333
1 0.301953 0.675694 0.011719 0.023611
1 0.316406 0.734028 0.017188 0.029167
1 0.629297 0.652083 0.017969 0.031944
1 0.663672 0.737500 0.021094 0.036111
1 0.776563 0.805556 0.015625 0.027778
1 0.836719 0.840972 0.020312 0.037500
1 0.148047 0.484722 0.122656 0.036111
1 0.472656 0.618750 0.218750 0.023611

